ERROR
ERROR
ERROR
ERROR
ERROR
ERROR
ERROR
ERROR
ERROR
ERROR
ERROR
ERROR
ERROR
ERROR
ERROR
ERROR
ERROR
ERROR
ERROR
ERROR
ERROR
ERROR
ERROR
ERROR
ERROR
ERROR
ERROR
ERROR
ERROR
ERROR
(PathCollpase) Nodes: 43632Trie node number: 43632
Sigma: 13906
Sequnce Number: 36369
Total CPT RAW size in megabytes: 0
-----------------------------------
II size in megabytes: 63.5226
Trie size in megabytes: 1.74528
LT size in megabytes: 0.29096
739 302 1002 10 982 122 999 1003 504 14 78 1004 8 168 73 356 168 10 1005 46 1006 906 10 986 122 999 245 1007 1008 58 87 305 14 
720 327 90 91 278 285 15 43 121 119 162 43 61 1624 190 122 41 1004 150 384 356 34 55 218 22 72 1527 41 1625 31 1626 305 10 85 256 31 10 454 1627 127 1438 8 15 10 1628 168 50 102 641 188 178 1197 22 1186 656 702 31 153 1629 16 178 1630 58 1631 8 63 22 300 23 113 54 168 12 104 91 102 127 65 24 1165 8 1632 702 113 102 1633 19 50 113 246 1634 92 1635 702 
356 2871 204 246 10 2872 46 10 1099 2274 38 178 2873 449 64 805 121 122 805 178 2874 38 178 657 
356 411 123 52 46 10 179 46 374 456 59 61 119 120 121 122 123 91 20 2514 
356 1 406 456 532 61 1358 123 748 129 659 129 10 955 46 10 926 72 6398 72 10 5236 6151 61 1358 190 122 783 2568 59 973 356 90 1358 46 4271 2649 23 456 59 4166 10 678 46 10 244 118 2989 3201 8 10 2702 
381 10 2099 46 7274 719 31 10 91 186 78 1602 116 841 348 10 5005 46 10 392 46 1037 31 10 838 7938 46 374 719 356 1 929 46 10 406 1070 16 668 31 121 197 78 38 1585 122 
356 356 738 38 10 1409 46 9535 1621 9536 9447 9537 31 10 1192 46 178 7097 150 9535 365 46 9442 31 10 273 46 10 2013 78 772 38 10 1000 122 31 1774 38 10 1000 122 
356 2623 2568 15 2599 129 10 9954 46 10 122 
356 9968 668 31 669 62 556 1585 122 
356 77 427 1040 10073 786 3141 31 783 10074 10 122 46 10 9945 
356 7118 215 15 838 38 121 1040 245 267 3228 14 566 121 122 356 7118 267 3235 14 31 6156 14 59 33 2565 14 1773 1230 121 1040 
2478 356 4162 4190 4007 121 5828 31 719 356 351 392 2825 186 24 1430 966 1585 1264 31 10 3179 186 24 5760 1585 2540 356 2785 10 1063 1585 2538 41 38 668 31 10 938 46 392 41 38 1585 2537 356 2668 4441 456 59 103 215 118 1585 122 5187 1499 
356 1 4853 2111 178 499 31 178 122 8301 8 10 3263 46 178 1040 
356 2523 581 669 4 2589 1585 1040 1585 122 24 544 38 1585 1040 
356 77 51 41 104 1266 38 178 1040 178 4978 363 41 821 215 178 10377 41 243 1506 3397 113 10378 43 178 122 
356 1 406 456 1673 524 218 10239 4441 31 10 122 22 978 10004 3 
356 2605 4 719 3085 160 122 62 102 2783 160 4441 127 160 396 
356 2387 22 10415 59 43 121 122 118 3689 543 8 121 4400 118 555 116 61 2213 123 121 4400 
356 2668 2665 41 2798 116 457 61 9910 31 1585 122 6236 8 1585 10200 31 783 2612 154 668 323 10 1543 46 224 
356 4826 427 122 129 543 31 427 4441 129 1294 4764 
356 738 1585 122 456 103 46 427 1076 31 46 427 681 218 10 661 255 
356 1 1040 46 10 2764 978 403 31 121 122 10523 46 1264 
356 669 719 669 62 716 3703 8 1585 3252 22 669 2653 59 43 1585 122 
311 1070 669 43 1585 122 356 406 63 668 8 74 3111 955 31 10 535 46 1585 1409 296 14 41 22 669 583 74 830 10536 669 2473 
356 2623 6247 427 1040 8 543 31 427 122 10578 1499 
356 3588 122 10507 6454 457 61 613 5594 1703 1533 
356 2623 3350 218 4856 1327 1987 783 10375 122 
356 2605 2237 178 122 457 61 352 31 10407 178 7303 8 5137 178 5848 388 3586 1327 
356 442 113 456 63 178 396 122 8 2467 188 192 
356 669 3585 150 384 43 1585 1040 31 267 78 10641 43 1585 122 
356 1577 427 1890 583 15 3953 38 10 1081 46 786 680 31 10 122 46 427 2431 38 10 85 
356 2668 122 328 456 836 46 427 1076 218 10 661 255 
356 691 1128 178 1040 123 10 2525 31 178 122 3466 1080 10 926 
356 3744 1585 2540 1987 406 129 3618 4441 31 129 61 10375 122 
356 1916 78 160 1040 2745 43 10846 31 160 122 43 7506 
356 341 669 58 59 2836 748 1024 1585 122 2585 8 10 3263 46 1585 1040 50 669 2423 59 815 1191 1585 368 953 
356 77 51 41 59 61 197 38 1585 122 33 1084 1987 406 783 3660 14 1250 
356 90 10004 1032 61 3618 122 31 2468 22 2830 4827 1081 356 1760 440 22 10507 2425 9264 3204 22 15 6398 38 5310 8 4084 356 90 1320 1145 22 978 7158 31 267 22 10929 10930 1098 1503 
356 518 2565 748 129 10 543 2579 129 10 10110 46 10 122 46 61 1004 2579 
356 1 122 46 10 1701 41 72 3394 1515 
356 1 122 46 10 567 1359 1139 652 
356 90 95 122 41 61 874 46 877 
2478 356 1 11022 46 10 440 38 91 31 10 1058 46 10 122 41 129 10 406 
356 90 2425 4000 1133 3703 8 1320 4441 31 61 10171 1133 995 8 61 10926 122 
356 11050 31 877 127 38 10 402 46 10 122 
356 1 3697 46 6461 16 61 3618 122 41 61 8436 335 8 31 2797 46 125 22 447 224 
356 2828 4768 121 1040 31 121 122 4768 121 2540 129 6425 
356 2871 255 11118 41 61 382 2288 31 61 10158 122 1025 10 2580 
356 90 3618 122 4824 172 22 127 4351 16 14 31 61 10239 1040 10251 9397 
356 2387 22 10956 61 91 2456 456 60 105 3201 162 267 22 10505 43 10 122 
356 3019 1022 1452 1040 43 403 31 38 1452 122 41 10 241 46 3315 
356 738 10 406 456 337 2741 10 122 46 10 3154 1595 31 43 121 2735 1528 456 267 7165 121 1173 1649 10 2547 31 456 2816 14 38 10 1663 4483 31 63 222 1548 1649 11389 
356 77 43 11494 4441 31 1218 122 62 267 103 8 106 1069 
356 1 440 328 46 10 11199 456 973 1139 31 10 122 46 10 11529 456 15 1112 8 103 992 
356 2623 2568 59 505 61 4271 1069 61 1069 46 61 5284 260 162 783 4044 6412 46 61 11494 122 22 783 4044 59 973 
356 1916 456 10 5403 91 3688 72 243 6221 31 10 122 46 10 4413 4615 
356 2661 10 1752 31 6248 447 921 31 51 41 209 31 178 122 4234 55 4688 669 10 406 62 621 125 669 10 392 46 374 62 59 6156 125 
356 669 4 1477 16 2604 10 197 41 1657 111 46 1585 1040 38 1076 31 456 59 1501 1577 150 668 449 4071 456 2834 449 122 456 3341 
356 1 662 2737 24 593 668 10 122 46 10 219 22 669 108 74 830 8 103 61 197 38 4008 8 384 22 41 826 
356 356 552 675 22 41 2535 123 748 456 3444 31 449 122 22 456 3250 123 748 38 1264 783 2568 1579 
356 77 560 2468 127 3795 43 1081 31 560 7909 43 3141 560 4441 4 544 7158 560 122 24 11668 5834 
356 4898 122 41 72 243 7529 112 111 14 978 1499 
356 1 122 46 10 5645 2987 6236 8 10 3263 46 121 1040 55 4688 
356 738 669 62 63 427 122 2585 8 10 3263 46 427 1040 22 783 2568 15 4413 31 2568 59 15 8 125 61 11116 
356 356 738 10 365 1070 150 12223 10 1609 46 121 8355 22 267 108 532 220 46 10 179 46 374 31 46 10 649 2494 31 46 10 346 356 12224 38 998 78 104 4550 33 354 3632 31 8808 38 218 403 31 3515 38 1139 31 947 12225 31 288 72 278 5501 38 125 8 2313 38 10 649 8217 31 998 113 1283 801 10 97 31 10 122 46 10 9906 
356 77 10 3020 222 880 127 591 46 142 31 10 1118 880 4 544 7158 31 178 122 41 10375 38 178 1040 
356 1 4914 46 374 456 59 58 3141 118 103 7158 371 456 61 10375 122 15 1154 38 178 1040 
356 356 738 106 456 15 10 4540 3595 10 406 62 2816 218 10 1069 22 4 4695 123 815 4898 1213 456 4053 966 1063 113 2313 188 178 3204 31 178 2122 456 4053 966 38 178 7439 31 178 122 456 4053 966 38 178 1040 
356 738 267 2563 384 1030 129 10 3170 31 872 121 7909 323 121 3312 31 267 5322 31 3549 121 122 356 738 6641 116 8 318 267 4377 31 327 150 384 12922 22 41 2428 2589 
356 738 7376 121 3312 246 2589 31 10 10408 46 121 122 78 4983 31 267 1070 2255 
356 738 121 1040 78 2589 12627 31 121 122 4983 31 267 1070 31 7169 392 
356 738 267 3585 31 719 768 3180 4 3279 841 668 31 3414 13132 22 267 583 4569 10 5015 46 121 4498 38 921 31 2598 1585 122 55 669 2473 12662 38 106 4383 
356 320 51 41 305 815 16 10 2641 1137 61 7647 23 41 1002 38 10 982 122 13216 1739 2714 12199 
356 738 14 78 1062 150 218 10 11434 305 815 1291 72 22 2531 41 1002 38 178 9269 122 13293 22 41 8 114 1 2531 46 1081 
356 738 830 621 102 449 91 38 160 396 122 1722 102 246 181 
356 1013 387 1585 440 5446 31 1585 122 78 1679 3436 328 1585 1213 456 1192 38 1977 
738 446 51 78 234 61 269 6940 267 1070 150 125 38 10 982 122 319 2478 356 835 1503 31 183 621 2373 1585 1861 23 669 63 581 150 570 
356 738 446 113 317 22 267 1070 38 10 982 122 8 125 113 975 10 105 6940 
356 738 446 102 246 218 2650 8 10 926 669 317 61 315 1294 150 668 31 319 38 10 982 122 3901 3901 417 13375 783 668 
356 77 14 41 772 351 669 2633 327 10 662 449 4071 456 2834 8 668 31 449 122 456 991 8 392 
356 77 267 22 978 38 243 295 122 978 59 150 222 33 150 392 
356 2387 22 978 38 243 295 122 13887 302 33 267 22 11839 13887 10 100 
356 442 771 2373 2049 2373 5187 16 10 122 1327 633 8 15 1125 830 456 14 15 1062 296 41 544 
356 3175 1024 384 22 978 38 243 295 122 1056 22 267 583 4038 
356 77 50 669 1056 38 243 295 122 1585 938 8117 33 1585 947 41 12713 
356 217 38 10 100 669 278 285 103 2714 1327 43 1585 947 22 16 1585 315 669 1283 801 26 328 162 2721 3318 1327 38 243 295 122 
356 341 52 91 103 38 243 295 122 1024 14 15 16 890 20 305 10 205 16 757 31 22 16 474 31 1024 64 4038 
356 1577 305 10 493 46 663 449 4071 108 2834 46 3 38 318 31 3 38 926 31 3 566 10 926 356 738 22 449 122 108 991 22 663 1010 41 662 8 10 407 46 392 10 768 
356 341 52 91 1098 570 1447 8 15 755 31 14412 59 121 122 33 11127 121 396 440 106 1694 601 41 665 
356 751 168 10 122 41 61 1012 6328 31 10397 269 3 
2523 830 269 61 939 61 1012 1838 10344 356 738 10 122 41 61 1838 61 39 46 3141 
356 411 10 122 213 104 91 12891 14 41 243 14186 543 591 46 2101 265 
356 77 267 22 62 47 877 31 505 12 1409 1024 384 4154 121 122 129 543 31 121 4441 22 113 103 104 4764 
356 2668 1012 179 1024 702 59 47 38 197 371 38 122 33 38 464 31 38 684 
55 783 2607 2700 31 2612 4258 702 8 392 16 427 1081 111 46 449 2988 31 122 31 1069 31 1358 356 738 2612 234 702 150 160 392 649 31 4239 
356 738 113 278 61 365 1649 125 23 41 10 3162 46 10 14528 3936 190 493 38 10 982 122 41 14532 33 38 10 984 122 24 121 493 14533 
356 738 669 1420 1218 3162 2504 38 10 1189 46 318 1739 10 923 1143 8 9692 150 125 22 2687 841 10 926 31 8 449 1358 31 2988 31 122 31 1069 356 9131 43 61 3996 315 3117 392 31 257 407 8 384 55 10 12246 46 121 1264 41 281 
356 738 267 1842 125 155 323 61 1034 1002 38 10 982 122 14547 
Prtedicted: 
10 

Memory size of Predictor: 0MB