
14 305 87 58 1008 1007 245 999 122 986 10 906 1006 46 1005 10 168 356 73 168 8 1004 78 14 504 1003 999 122 982 10 1002 302 739 
702 1635 92 1634 246 113 50 19 1633 102 113 702 1632 8 1165 24 65 127 102 91 104 12 168 54 113 23 300 22 63 8 1631 58 1630 178 16 1629 153 31 702 656 1186 22 1197 178 188 641 102 50 168 1628 10 15 8 1438 127 1627 454 10 31 256 85 10 305 1626 31 1625 41 1527 72 22 218 55 34 356 384 150 1004 41 122 190 1624 61 43 162 119 121 43 15 285 278 91 90 327 720 
657 178 38 2874 178 805 122 121 805 64 449 2873 178 38 2274 1099 10 46 2872 10 246 204 2871 356 
2514 20 91 123 122 121 120 119 61 59 456 374 46 179 10 46 52 123 411 356 
2702 10 8 3201 2989 118 244 10 46 678 10 4166 59 456 23 2649 4271 46 1358 90 356 973 59 2568 783 122 190 1358 61 6151 5236 10 72 6398 72 926 10 46 955 10 129 659 129 748 123 1358 61 532 456 406 1 356 
122 1585 38 78 197 121 31 668 16 1070 406 10 46 929 1 356 719 374 46 7938 838 10 31 1037 46 392 10 46 5005 10 348 841 116 1602 78 186 91 10 31 719 7274 46 2099 10 381 
122 1000 10 38 1774 31 122 1000 10 38 772 78 2013 10 46 273 10 31 9442 46 365 9535 150 7097 178 46 1192 10 31 9537 9447 9536 1621 9535 46 1409 10 38 738 356 356 
122 10 46 9954 10 129 2599 15 2568 2623 356 
122 1585 556 62 669 31 668 9968 356 
9945 10 46 122 10 10074 783 31 3141 786 10073 1040 427 77 356 
1040 121 1230 1773 14 2565 33 59 14 6156 31 14 3235 267 7118 356 122 121 566 14 3228 267 245 1040 121 38 838 15 215 7118 356 
1499 5187 122 1585 118 215 103 59 456 4441 2668 356 2537 1585 38 41 392 46 938 10 31 668 38 41 2538 1585 1063 10 2785 356 2540 1585 5760 24 186 3179 10 31 1264 1585 966 1430 24 186 2825 392 351 356 719 31 5828 121 4007 4190 4162 356 2478 
1040 178 46 3263 10 8 8301 122 178 31 499 178 2111 4853 1 356 
1040 1585 38 544 24 122 1585 1040 1585 2589 4 669 581 2523 356 
122 178 43 10378 113 3397 1506 243 41 10377 178 215 821 41 363 4978 178 1040 178 38 1266 104 41 51 77 356 
3 10004 978 22 122 10 31 4441 10239 218 524 1673 456 406 1 356 
396 160 127 4441 160 2783 102 62 122 160 3085 719 4 2605 356 
4400 121 123 2213 61 116 555 118 4400 121 8 543 3689 118 122 121 43 59 10415 22 2387 356 
224 46 1543 10 323 668 154 2612 783 31 10200 1585 8 6236 122 1585 31 9910 61 457 116 2798 41 2665 2668 356 
4764 1294 129 4441 427 31 543 129 122 427 4826 356 
255 661 10 218 681 427 46 31 1076 427 46 103 456 122 1585 738 356 
1264 46 10523 122 121 31 403 978 2764 10 46 1040 1 356 
122 1585 43 59 2653 669 22 3252 1585 8 3703 716 62 669 719 669 356 
2473 669 10536 830 74 583 669 22 41 14 296 1409 1585 46 535 10 31 955 3111 74 8 668 63 406 356 122 1585 43 669 1070 311 
1499 10578 122 427 31 543 8 1040 427 6247 2623 356 
1533 1703 5594 613 61 457 6454 10507 122 3588 356 
122 10375 783 1987 1327 4856 218 3350 2623 356 
1327 3586 388 5848 178 5137 8 7303 178 10407 31 352 61 457 122 178 2237 2605 356 
192 188 2467 8 122 396 178 63 456 113 442 356 
122 1585 43 10641 78 267 31 1040 1585 43 384 150 3585 669 356 
85 10 38 2431 427 46 122 10 31 680 786 46 1081 10 38 3953 15 583 1890 427 1577 356 
255 661 10 218 1076 427 46 836 456 328 122 2668 356 
926 10 1080 3466 122 178 31 2525 10 123 1040 178 1128 691 356 
122 10375 61 129 31 4441 3618 129 406 1987 2540 1585 3744 356 
7506 43 122 160 31 10846 43 2745 1040 160 78 1916 356 
953 368 1585 1191 815 59 2423 669 50 1040 1585 46 3263 10 8 2585 122 1585 1024 748 2836 59 58 669 341 356 
1250 14 3660 783 406 1987 1084 33 122 1585 38 197 61 59 41 51 77 356 
1503 1098 10930 10929 22 267 31 7158 978 22 1145 1320 90 356 4084 8 5310 38 6398 15 22 3204 9264 2425 10507 22 440 1760 356 1081 4827 2830 22 2468 31 122 3618 61 1032 10004 90 356 
2579 1004 61 46 122 10 46 10110 10 129 2579 543 10 129 748 2565 518 356 
1515 3394 72 41 1701 10 46 122 1 356 
652 1139 1359 567 10 46 122 1 356 
877 46 874 61 41 122 95 90 356 
406 10 129 41 122 10 46 1058 10 31 91 38 440 10 46 11022 1 356 2478 
122 10926 61 8 995 1133 10171 61 31 4441 1320 8 3703 1133 4000 2425 90 356 
122 10 46 402 10 38 127 877 31 11050 356 
224 447 22 125 46 2797 31 8 335 8436 61 41 122 3618 61 16 6461 46 3697 1 356 
6425 129 2540 121 4768 122 121 31 1040 121 4768 2828 356 
2580 10 1025 122 10158 61 31 2288 382 61 41 11118 255 2871 356 
9397 10251 1040 10239 61 31 14 16 4351 127 22 172 4824 122 3618 90 356 
122 10 43 10505 22 267 162 3201 105 60 456 2456 91 61 10956 22 2387 356 
3315 46 241 10 41 122 1452 38 31 403 43 1040 1452 1022 3019 356 
11389 1649 1548 222 63 31 4483 1663 10 38 14 2816 456 31 2547 10 1649 1173 121 7165 267 456 1528 2735 121 43 31 1595 3154 10 46 122 10 2741 337 456 406 10 738 356 
1069 106 8 103 267 62 122 1218 31 4441 11494 43 77 356 
992 103 8 1112 15 456 11529 10 46 122 10 31 1139 973 456 11199 10 46 328 440 1 356 
973 59 4044 783 22 122 11494 61 46 6412 4044 783 162 260 5284 61 46 1069 61 1069 4271 61 505 59 2568 2623 356 
4615 4413 10 46 122 10 31 6221 243 72 3688 91 5403 10 456 1916 356 
125 6156 59 62 374 46 392 10 669 125 621 62 406 10 669 4688 55 4234 122 178 31 209 41 51 31 921 447 6248 31 1752 10 2661 356 
3341 456 122 449 2834 456 4071 449 668 150 1577 1501 59 456 31 1076 38 1040 1585 46 111 1657 41 197 10 2604 16 1477 4 669 356 
826 41 22 384 8 4008 38 197 61 103 8 830 74 108 669 22 219 10 46 122 10 668 593 24 2737 662 1 356 
1579 2568 783 1264 38 748 123 3250 456 22 122 449 31 3444 456 748 123 2535 41 22 675 552 356 356 
5834 11668 24 122 560 7158 544 4 4441 560 3141 43 7909 560 31 1081 43 3795 127 2468 560 77 356 
1499 978 14 111 112 7529 243 72 41 122 4898 356 
4688 55 1040 121 46 3263 10 8 6236 2987 5645 10 46 122 1 356 
11116 61 125 8 15 59 2568 31 4413 15 2568 783 22 1040 427 46 3263 10 8 2585 122 427 63 62 669 738 356 
9906 10 46 122 10 31 97 10 801 1283 113 998 31 8217 649 10 38 2313 8 125 38 5501 278 72 288 31 12225 947 31 1139 38 3515 31 403 218 38 8808 31 3632 354 33 4550 104 78 998 38 12224 356 346 10 46 31 2494 649 10 46 31 374 46 179 10 46 220 532 108 267 22 8355 121 46 1609 10 12223 150 1070 365 10 738 356 356 
1040 178 38 10375 41 122 178 31 7158 544 4 880 1118 10 31 142 46 591 127 880 222 3020 10 77 356 
1040 178 38 1154 15 122 10375 61 456 371 7158 103 118 3141 58 59 456 374 46 4914 1 356 
1040 178 38 966 4053 456 122 178 31 7439 178 38 966 4053 456 2122 178 31 3204 178 188 2313 113 1063 966 4053 456 1213 4898 815 123 4695 4 22 1069 10 218 2816 62 406 10 3595 4540 10 15 456 106 738 356 356 
2589 2428 41 22 12922 384 150 327 31 4377 267 318 8 116 6641 738 356 122 121 3549 31 5322 267 31 3312 121 323 7909 121 872 31 3170 10 129 1030 384 2563 267 738 356 
2255 1070 267 31 4983 78 122 121 46 10408 10 31 2589 246 3312 121 7376 738 356 
392 7169 31 1070 267 31 4983 122 121 31 12627 2589 78 1040 121 738 356 
4383 106 38 12662 2473 669 55 122 1585 2598 31 921 38 4498 121 46 5015 10 4569 583 267 22 13132 3414 31 668 841 3279 4 3180 768 719 31 3585 267 738 356 
12199 2714 1739 13216 122 982 10 38 1002 41 23 7647 61 1137 2641 10 16 815 305 41 51 320 356 
1081 46 2531 1 114 8 41 22 13293 122 9269 178 38 1002 41 2531 22 72 1291 815 305 11434 10 218 150 1062 78 14 738 356 
181 246 102 1722 122 396 160 38 91 449 102 621 830 738 356 
1977 38 1192 456 1213 1585 328 3436 1679 78 122 1585 31 5446 440 1585 387 1013 356 
570 150 581 63 669 23 1861 1585 2373 621 183 31 1503 835 356 2478 319 122 982 10 38 125 150 1070 267 6940 269 61 234 78 51 446 738 
6940 105 10 975 113 125 8 122 982 10 38 1070 267 22 317 113 446 738 356 
668 783 13375 417 3901 3901 122 982 10 38 319 31 668 150 1294 315 61 317 669 926 10 8 2650 218 246 102 446 738 356 
392 8 991 456 122 449 31 668 8 2834 456 4071 449 662 10 327 2633 669 351 772 41 14 77 356 
392 150 33 222 150 59 978 122 295 243 38 978 22 267 77 356 
100 10 13887 11839 22 267 33 302 13887 122 295 243 38 978 22 2387 356 
544 41 296 1062 15 14 456 830 1125 15 8 633 1327 122 10 16 5187 2373 2049 2373 771 442 356 
4038 583 267 22 1056 122 295 243 38 978 22 384 1024 3175 356 
12713 41 947 1585 33 8117 938 1585 122 295 243 38 1056 669 50 77 356 
122 295 243 38 1327 3318 2721 162 328 26 801 1283 669 315 1585 16 22 947 1585 43 1327 2714 103 285 278 669 100 10 38 217 356 
4038 64 1024 31 474 16 22 31 757 16 205 10 305 20 890 16 15 14 1024 122 295 243 38 103 91 52 341 356 
768 10 392 46 407 10 8 662 41 1010 663 22 991 108 122 449 22 738 356 926 10 566 3 31 926 38 3 31 318 38 3 46 2834 108 4071 449 663 46 493 10 305 1577 356 
665 41 601 1694 106 440 396 121 11127 33 122 121 59 14412 31 755 15 8 1447 570 1098 91 52 341 356 
3 269 10397 31 6328 1012 61 41 122 10 168 751 356 
3141 46 39 61 1838 61 41 122 10 738 356 10344 1838 1012 61 939 61 269 830 2523 
265 2101 46 591 543 14186 243 41 14 12891 91 104 213 122 10 411 356 
4764 104 103 113 22 4441 121 31 543 129 122 121 4154 384 1024 1409 12 505 31 877 47 62 22 267 77 356 
684 38 31 464 38 33 122 38 371 197 38 47 59 702 1024 179 1012 2668 356 
4239 31 649 392 160 150 702 234 2612 738 356 1358 31 1069 31 122 31 2988 449 46 111 1081 427 16 392 8 702 4258 2612 31 2700 2607 783 55 
14533 493 121 24 122 984 10 38 33 14532 41 122 982 10 38 493 190 3936 14528 10 46 3162 10 41 23 125 1649 365 61 278 113 738 356 
281 41 1264 121 46 12246 10 55 384 8 407 257 31 392 3117 315 3996 61 43 9131 356 1069 31 122 31 2988 31 1358 449 8 31 926 10 841 2687 22 125 150 9692 8 1143 923 10 1739 318 46 1189 10 38 2504 3162 1218 1420 669 738 356 
14547 122 982 10 38 1002 1034 61 323 155 125 1842 267 738 356 
Prtedicted: 
10 

Memory size of Predictor: 90.206MB